% -------------------------------------------------------------------
%  Generated by MATLAB on 9-Sep-2014 06:15:03
%  MATLAB version: 8.3.0.532 (R2014a)
% -------------------------------------------------------------------
                                         

ans = struct;
ans.Score = 15.666666666666666;
ans.Start = [5 1];
ans.Stop = [10 6];
ans.Alignment = cell(1, 1);
ans.Alignment{1} = ...
  ['GATCGG';
   '||||||';
   'GATCGG'];

